$ANSIBLE_VAULT;1.1;AES256
61336562333532613162343761663139363830343831306137643138623531613566653962386439
6539373632353035323436323131323530333434653465650a366265333531356162613265306631
32653431363132336637323636323137633965623765336166663462636165643334346364616632
6239313035626330620a393362306537373965643735353130346563313039393930313963393135
32653230366264323561643966303463333434623139663166346538616134363234653838366337
37353762633061663664326132636465393931316133316133303762353635636134623937323265
34643733386333306365363132386333306530613566386138393464313532303764383461326565
65393333393964313337613033653061333535366334376363653831306364623639353361656230
31316332666536343738616366353164383365633730613537653134353162346563353235643830
31323464643430343137626633396539613738383239313836393563343330303632393137623361
65366365666630323535396665643133326561383366653030376637363462396563343264393861
66313163633936313135316532613633653733366365613162393764366532343866613538326139
39313336363839333566323030613938616562376233336334343762643961356530396333303931
64633966393433316161613664336662343035366562613662313264303465323532316564303661
32623366333365663266656630393565396337363865393935626163373438396666313162303939
30366236303461373766623632336265303061393866623539326635373837303739373263643636
31303163663037323432306261343533353139363166356566326436396239363035633364383334
31386562636634636131366662383537336366666539396538663936376534643132396436396133
64366664396561633134616432653631393638656437643737653837363063646136386530396163
33336332366537633764313031363639613837373434366565313364663339633838346665393630
30396530343038643066393564323732623030336132383930363761326534613462316234613563
34363666333738653234613363393765616433373336346366393465626239363932613939616266
62356431653939383631613564663430663261346366323337386262626163653163653838666464
35363166313638303634373766666630656362366661313663626531636266373166313061303966
65333961623863333363356531643663343266346437643364373366373130393066376332386632
30343262396232353165613864306636636638353030363232396234306162376439343536376434
39366438666234383830303066333334643933373764326638313039383930656266386162323866
34643564386663313434
